200011 深物业B 日线 不复权
      日期	    开盘	    最高	    最低	    收盘	    成交量	    成交额
2018/01/02	8.87	8.94	8.87	8.92	340400	3035905.75
2018/01/03	8.97	8.97	8.91	8.94	180363	1613392.75
2018/01/04	8.90	8.97	8.90	8.91	99100	885050.00
2018/01/05	8.87	9.18	8.87	9.12	986036	8971388.00
2018/01/08	9.10	9.27	9.03	9.15	701875	6433682.00
2018/01/09	9.10	9.17	9.00	9.06	348790	3160519.50
2018/01/10	9.06	9.15	9.02	9.03	271810	2467671.25
2018/01/11	9.08	9.13	9.01	9.13	225196	2048523.50
2018/01/12	9.15	9.23	9.15	9.19	365750	3360015.00
2018/01/15	9.22	9.22	8.99	9.03	463662	4207334.00
2018/01/16	9.02	9.39	9.02	9.35	1373402	12803179.00
2018/01/17	9.32	9.37	9.19	9.35	508210	4719830.00
2018/01/18	9.34	9.35	9.25	9.29	236896	2200332.00
2018/01/19	9.29	9.31	9.22	9.28	205400	1904392.00
2018/01/22	9.22	9.26	9.16	9.22	295410	2720536.25
2018/01/23	9.22	9.31	9.20	9.28	202856	1878851.00
2018/01/24	9.23	9.30	9.17	9.18	192100	1770989.00
2018/01/25	9.17	9.27	9.16	9.25	237186	2187805.00
2018/01/26	9.18	9.32	9.13	9.27	379820	3517475.00
2018/01/29	9.29	9.29	9.07	9.12	301700	2757547.00
2018/01/30	9.09	9.18	9.09	9.11	168053	1533020.25
2018/01/31	9.05	9.18	9.02	9.07	392800	3567731.00
2018/02/01	9.07	9.13	8.94	9.01	294912	2667266.00
2018/02/02	9.00	9.08	8.94	9.01	118400	1068056.00
2018/02/05	8.92	9.06	8.92	8.98	135500	1213627.00
2018/02/06	8.88	8.97	8.52	8.68	654625	5704643.50
2018/02/07	8.80	8.80	8.49	8.49	278400	2402494.00
2018/02/08	8.51	8.68	8.51	8.60	103500	892740.00
2018/02/09	8.02	8.40	8.02	8.22	307510	2536104.00
2018/02/12	8.22	8.35	8.12	8.35	135600	1126415.00
2018/02/13	8.35	8.57	8.28	8.51	85325	726880.31
2018/02/14	8.56	8.58	8.45	8.58	120700	1031913.00
2018/02/22	8.60	8.66	8.60	8.64	60310	520670.41
2018/02/23	8.64	8.75	8.61	8.64	69500	601972.00
2018/02/26	8.66	8.68	8.51	8.67	74448	641075.81
2018/02/27	8.61	8.62	8.55	8.55	80300	688254.00
2018/02/28	8.52	8.52	8.46	8.48	92100	781781.00
2018/03/01	8.48	8.48	8.44	8.46	118500	1003323.00
2018/03/02	8.46	8.66	8.36	8.53	196210	1674017.00
2018/03/05	8.53	8.59	8.48	8.52	65112	554205.00
2018/03/06	8.49	8.82	8.39	8.75	578367	4963489.50
2018/03/07	8.75	8.75	8.59	8.65	411600	3553587.00
2018/03/08	8.54	8.63	8.53	8.54	333354	2854041.50
2018/03/09	8.52	8.63	8.52	8.57	173000	1478062.25
2018/03/12	8.53	8.63	8.53	8.59	182100	1562198.00
2018/03/13	8.58	8.60	8.51	8.52	181353	1551852.00
2018/03/14	8.41	8.51	8.41	8.45	124200	1051337.00
2018/03/15	8.42	8.53	8.41	8.53	81594	691513.94
2018/03/16	8.53	8.53	8.38	8.45	138200	1163861.00
2018/03/19	8.45	8.45	8.36	8.39	90200	756040.00
2018/03/20	8.31	8.34	8.15	8.33	111000	920359.00
2018/03/21	8.26	8.31	8.23	8.29	86000	712499.00
2018/03/22	8.32	8.36	8.26	8.31	54330	451838.09
2018/03/23	8.21	8.30	8.13	8.17	483507	3976998.75
2018/03/26	8.16	8.24	8.02	8.21	132660	1085662.25
2018/03/27	8.28	8.34	8.26	8.30	122500	1016624.00
2018/03/28	8.30	8.34	8.26	8.32	98000	813814.00
2018/03/29	8.38	8.53	8.30	8.47	282300	2386467.00
2018/03/30	8.45	8.45	8.29	8.39	195770	1633992.75
2018/04/02	8.38	8.41	8.34	8.37	69900	584785.00
2018/04/03	8.40	8.40	8.22	8.25	81100	669499.00
2018/04/04	8.35	8.40	8.26	8.26	111200	925893.00
2018/04/09	8.23	8.28	8.19	8.24	96370	792563.69
2018/04/10	8.22	8.29	8.19	8.26	136380	1121338.75
2018/04/11	8.22	8.27	8.18	8.24	70910	582766.00
2018/04/12	8.15	8.15	7.93	7.93	472500	3775407.00
2018/04/13	7.90	7.97	7.80	7.88	243500	1923535.00
2018/04/16	7.92	7.92	7.51	7.57	407300	3113757.75
2018/04/17	7.58	7.62	7.53	7.57	89850	681103.88
2018/04/18	7.56	7.68	7.42	7.62	133300	1006227.00
2018/04/19	7.58	7.63	7.50	7.58	49900	378438.00
2018/04/20	7.52	7.60	7.40	7.43	147140	1096679.00
2018/04/23	7.42	7.42	7.29	7.30	94000	687122.00
2018/04/24	7.31	7.46	7.30	7.41	103200	761039.00
2018/04/25	7.38	7.38	7.22	7.25	76700	555309.00
2018/04/26	7.26	7.33	7.21	7.23	41400	300203.00
2018/04/27	7.15	7.25	7.15	7.23	40701	292863.19
2018/05/02	7.19	7.26	7.18	7.19	40740	293079.19
2018/05/03	7.13	7.20	7.12	7.15	90900	649241.00
2018/05/04	7.12	7.38	7.12	7.22	68101	491599.19
2018/05/07	7.18	7.29	7.18	7.27	60400	438836.00
2018/05/08	7.32	7.37	7.30	7.35	167300	1229046.00
2018/05/09	7.36	7.36	7.30	7.31	30800	225443.00
2018/05/10	7.37	7.69	7.33	7.58	231500	1737793.00
2018/05/11	7.51	7.62	7.50	7.55	93100	702571.00
2018/05/14	7.60	7.60	7.50	7.53	55600	419162.00
2018/05/15	7.60	7.60	7.45	7.54	134600	1013104.00
2018/05/16	7.46	7.53	7.29	7.36	259980	1907425.75
2018/05/17	7.26	7.38	7.08	7.35	90600	661680.00
2018/05/18	7.27	7.37	7.25	7.37	97149	708848.25
2018/05/21	7.40	7.40	7.21	7.28	271380	1969634.75
2018/05/22	7.27	7.28	7.21	7.21	31500	227775.00
2018/05/23	7.22	7.28	7.19	7.21	101800	734382.19
2018/05/24	7.18	7.25	7.18	7.22	110990	800406.19
2018/05/25	7.23	7.25	7.19	7.20	162100	1170305.00
2018/05/28	7.19	7.20	7.00	7.13	184290	1311013.63
2018/05/29	7.07	7.09	7.02	7.06	178500	1256698.00
2018/05/30	6.88	6.99	6.86	6.91	109400	760714.00
2018/05/31	6.91	7.07	6.91	7.01	152200	1069058.00
2018/06/01	7.01	7.15	7.01	7.09	57200	405824.00
2018/06/04	7.03	7.09	7.03	7.04	66400	467436.00
2018/06/05	7.02	7.10	6.95	7.08	90600	635847.00
2018/06/06	7.05	7.10	7.00	7.04	46300	325963.00
2018/06/07	7.04	7.08	7.01	7.01	62120	437310.81
2018/06/08	7.01	7.02	6.95	7.01	46320	323746.19
2018/06/11	7.03	7.14	6.99	7.14	129580	915030.38
2018/06/12	7.07	7.18	7.07	7.16	108800	778717.00
2018/06/13	7.15	7.31	7.13	7.24	88900	642573.00
2018/06/14	7.13	7.28	7.13	7.23	52700	381897.00
2018/06/15	7.18	7.29	7.14	7.20	68600	492805.00
2018/06/19	7.11	7.13	6.56	6.70	268300	1835136.50
2018/06/20	6.78	6.88	6.71	6.81	67814	459455.63
2018/06/21	6.81	6.83	6.63	6.68	98800	667036.00
2018/06/22	6.61	6.77	6.61	6.77	40949	274695.31
2018/06/25	6.73	6.88	6.71	6.77	66600	450857.00
2018/06/26	6.60	6.72	6.53	6.70	68333	450692.47
2018/06/27	6.75	6.78	6.64	6.74	88400	593007.00
2018/06/28	6.61	6.71	6.60	6.68	61100	407938.00
2018/06/29	6.37	6.53	6.37	6.49	80196	517374.09
2018/07/02	6.56	6.56	6.37	6.38	36700	236292.00
2018/07/03	6.35	6.47	6.35	6.39	14800	94994.00
2018/07/04	6.37	6.55	6.37	6.52	236686	1537843.25
2018/07/05	6.53	6.53	6.31	6.31	149300	951952.00
2018/07/06	6.31	6.33	6.18	6.31	79200	494452.00
2018/07/09	6.33	6.36	6.31	6.36	57870	365782.41
2018/07/10	6.27	6.40	6.26	6.34	45400	286833.81
2018/07/11	6.27	6.27	6.15	6.18	87371	541378.63
2018/07/12	6.22	6.38	6.13	6.30	82486	514638.09
2018/07/13	6.35	6.37	6.23	6.30	44800	283162.00
2018/07/16	6.21	6.35	6.20	6.22	58700	365125.00
2018/07/17	6.30	6.30	6.19	6.23	28260	176352.59
2018/07/18	6.25	6.25	6.20	6.24	41312	256854.41
2018/07/19	6.20	6.34	6.16	6.20	5200	32291.00
2018/07/20	6.14	6.27	6.14	6.22	28400	176969.00
2018/07/23	6.27	6.27	6.23	6.25	12400	77428.00
2018/07/24	6.28	6.31	6.20	6.25	226100	1412093.00
2018/07/25	6.23	6.29	6.22	6.28	80500	503831.00
2018/07/26	6.29	6.29	6.24	6.27	78800	493122.00
2018/07/27	6.36	6.58	6.27	6.52	494480	3185864.00
2018/07/30	6.51	6.75	6.46	6.53	382719	2509462.00
2018/07/31	6.42	6.45	6.37	6.41	132700	848759.63
2018/08/01	6.33	6.39	6.26	6.33	242300	1535514.00
2018/08/02	6.22	6.23	6.01	6.15	123270	757258.69
2018/08/03	6.16	6.21	6.16	6.20	6900	42806.00
2018/08/06	6.19	6.21	6.07	6.14	39510	242173.70
2018/08/07	6.10	6.19	6.07	6.19	89100	546878.44
2018/08/08	6.22	6.22	6.08	6.13	26200	160021.00
2018/08/09	6.16	6.19	6.09	6.17	72800	446699.00
2018/08/10	6.17	6.58	6.17	6.46	361500	2331174.00
2018/08/13	6.40	6.40	6.32	6.35	64100	406438.00
2018/08/14	6.30	6.48	6.28	6.38	143524	917561.75
2018/08/15	6.33	6.43	6.33	6.38	152230	969337.88
2018/08/16	6.31	6.38	6.20	6.26	140300	878290.00
2018/08/17	6.20	6.24	6.13	6.18	32200	199536.00
2018/08/20	6.32	6.32	6.13	6.16	47500	294338.00
2018/08/21	6.11	6.34	6.10	6.22	135086	843220.75
2018/08/22	6.15	6.34	6.15	6.28	78200	492198.00
2018/08/23	6.36	6.38	6.29	6.34	113200	717519.00
2018/08/24	6.37	6.47	6.28	6.36	130300	832360.00
2018/08/27	6.38	6.41	6.25	6.34	144700	916159.00
2018/08/28	6.44	6.45	6.32	6.39	160000	1022757.00
2018/08/29	6.40	6.40	6.30	6.38	55500	352899.00
2018/08/30	6.40	6.40	6.34	6.34	34000	216866.00
2018/08/31	6.30	6.39	6.30	6.32	17900	113432.00
2018/09/03	6.25	6.25	6.15	6.24	68581	424083.16
2018/09/04	6.24	6.25	6.18	6.24	25500	158181.00
2018/09/05	6.25	6.25	6.14	6.14	46700	288068.00
2018/09/06	6.28	6.28	6.11	6.15	38900	240989.00
2018/09/07	6.23	6.24	6.10	6.13	20400	125579.00
2018/09/10	6.13	6.13	6.05	6.10	42300	256850.00
2018/09/11	6.06	6.18	6.06	6.17	12200	74710.00
2018/09/12	6.17	6.17	6.12	6.16	5400	33185.00
2018/09/13	6.24	6.42	6.17	6.26	14900	93370.00
2018/09/14	6.16	6.25	6.11	6.19	41200	253688.00
2018/09/17	6.19	6.19	6.06	6.17	27200	165491.00
2018/09/18	6.08	6.17	6.07	6.17	18700	114847.00
2018/09/19	6.16	6.36	6.16	6.31	138715	871533.31
2018/09/20	6.41	6.41	6.25	6.34	114900	731341.00
2018/09/21	6.28	6.35	6.28	6.34	45515	288138.94
2018/09/25	6.28	6.28	6.20	6.21	55750	346690.00
2018/09/26	6.27	6.35	6.21	6.30	54700	344640.00
2018/09/27	6.21	6.23	6.18	6.23	44700	276946.00
2018/09/28	6.18	6.32	6.17	6.29	54600	342387.00
2018/10/08	6.17	6.22	6.02	6.09	100400	613219.00
2018/10/09	6.07	6.12	6.06	6.07	33300	202565.00
2018/10/10	6.07	6.07	5.54	5.85	85800	503839.00
2018/10/11	5.74	5.74	5.27	5.37	237000	1284144.88
2018/10/12	5.35	5.39	5.25	5.30	148900	786789.00
2018/10/15	5.40	5.40	5.15	5.15	69600	366333.00
2018/10/16	5.12	5.18	4.77	4.78	68100	340659.00
2018/10/17	4.90	4.98	4.62	4.79	113800	548620.00
2018/10/18	4.53	4.79	4.53	4.69	104000	489304.00
2018/10/19	4.55	4.75	4.55	4.71	37310	174436.30
2018/10/22	4.85	5.07	4.72	4.95	306987	1502012.75
2018/10/23	4.85	5.06	4.80	4.88	182200	890372.00
2018/10/24	5.06	5.06	4.86	4.90	114301	563115.88
2018/10/25	4.83	4.83	4.60	4.78	104100	494394.00
2018/10/26	4.83	5.04	4.83	4.92	149226	738645.94
2018/10/29	4.92	4.99	4.80	4.85	28700	139762.00
2018/10/30	4.95	4.95	4.83	4.91	61229	298544.63
2018/10/31	4.93	5.00	4.93	4.94	39150	193506.00
2018/11/01	5.10	5.10	4.88	4.89	186400	922408.00
2018/11/02	4.95	4.98	4.88	4.97	136800	673975.00
2018/11/05	5.00	5.00	4.93	5.00	37400	186150.00
2018/11/06	4.91	4.96	4.90	4.95	60400	296276.00
2018/11/07	5.02	5.02	4.90	4.91	14600	72495.00
2018/11/08	5.01	5.01	4.92	4.92	27200	134916.00
2018/11/09	4.98	4.98	4.90	4.90	33800	166201.00
2018/11/12	4.88	4.97	4.88	4.91	38030	186948.00
2018/11/13	4.92	5.07	4.92	5.05	118910	595027.50
2018/11/14	5.00	5.16	4.95	5.07	142240	718603.38
2018/11/15	4.96	5.12	4.96	5.12	75130	379908.59
2018/11/16	5.12	5.35	5.09	5.24	236486	1238130.00
2018/11/19	5.14	5.65	5.14	5.58	613784	3403679.75
2018/11/20	5.46	5.48	5.27	5.29	252840	1360298.63
2018/11/21	5.28	5.46	5.28	5.46	110060	593169.81
2018/11/22	5.46	5.46	5.33	5.41	60900	327370.00
2018/11/23	5.41	5.41	5.13	5.20	144200	755802.00
2018/11/26	5.06	5.23	5.06	5.18	29500	153107.00
2018/11/27	5.18	5.20	5.13	5.18	51884	267497.13
2018/11/28	5.15	5.21	5.06	5.20	69100	356569.00
2018/11/29	5.16	5.36	5.14	5.19	35600	187779.41
2018/11/30	5.16	5.25	5.16	5.25	28710	148879.70
2018/12/03	5.36	5.40	5.32	5.39	121300	652476.38
2018/12/04	5.31	5.39	5.28	5.37	21100	112870.00
2018/12/05	5.29	5.39	5.29	5.38	79100	423845.59
2018/12/06	5.30	5.38	5.27	5.35	78500	415872.00
2018/12/07	5.35	5.42	5.26	5.30	92500	494819.00
2018/12/10	5.25	5.25	5.11	5.17	53400	275512.00
2018/12/11	5.11	5.31	5.11	5.30	63800	335762.00
2018/12/12	5.32	5.32	5.21	5.21	26600	139515.00
2018/12/13	5.24	5.31	5.19	5.30	50100	263918.00
2018/12/14	5.22	5.28	5.18	5.27	30300	157885.00
2018/12/17	5.20	5.27	5.20	5.24	66500	347765.00
2018/12/18	5.24	5.24	5.08	5.08	90600	462165.00
2018/12/19	5.12	5.12	5.00	5.00	65500	330204.00
2018/12/20	5.00	5.06	5.00	5.03	49100	245993.00
2018/12/21	4.96	4.96	4.93	4.95	22700	112317.00
2018/12/24	4.90	4.93	4.89	4.90	31300	153422.00
2018/12/25	4.96	4.96	4.77	4.80	56250	272621.50
2018/12/26	4.84	4.85	4.75	4.85	8700	41621.00
2018/12/27	4.84	4.88	4.78	4.84	44900	217025.00
2018/12/28	4.63	4.82	4.61	4.82	15700	73981.00
2019/01/02	4.66	4.98	4.66	4.83	35851	175059.23
2019/01/03	4.87	4.87	4.75	4.84	7400	35614.00
2019/01/04	4.87	4.93	4.83	4.93	29640	145378.59
2019/01/07	4.94	4.97	4.94	4.97	33350	165153.50
2019/01/08	4.88	4.98	4.88	4.88	29400	143818.00
2019/01/09	4.85	4.99	4.85	4.98	47920	234844.41
2019/01/10	4.84	4.95	4.84	4.88	41920	205670.80
2019/01/11	4.90	4.96	4.90	4.95	38310	188573.09
2019/01/14	4.90	4.92	4.89	4.90	29700	145572.00
2019/01/15	4.89	4.96	4.89	4.95	23105	113931.75
2019/01/16	4.95	5.02	4.95	5.01	54300	271145.19
2019/01/17	4.92	4.98	4.89	4.91	40700	200473.00
2019/01/18	4.88	4.99	4.88	4.98	3400	16897.00
2019/01/21	4.91	5.00	4.91	4.97	7110	35282.20
2019/01/22	4.88	4.96	4.88	4.95	11300	55373.00
2019/01/23	4.91	4.97	4.91	4.92	8340	41138.40
2019/01/24	4.88	4.97	4.88	4.93	12500	61605.00
2019/01/25	4.89	5.00	4.89	4.95	29600	146384.00
2019/01/28	4.85	4.97	4.85	4.97	33350	163506.00
2019/01/29	4.97	4.97	4.86	4.93	9200	45073.00
2019/01/30	4.86	4.96	4.86	4.96	8700	42672.00
2019/01/31	4.95	4.98	4.95	4.95	19400	96513.00
2019/02/01	5.00	5.05	4.98	5.05	69070	346883.31
2019/02/11	4.99	5.07	4.99	5.07	34280	172283.80
2019/02/12	4.94	5.10	4.94	5.10	95100	481784.00
2019/02/13	5.02	5.24	5.01	5.20	275330	1431941.38
2019/02/14	5.30	5.30	5.20	5.28	105297	553484.38
2019/02/15	5.27	5.27	5.13	5.20	101100	523176.00
2019/02/18	5.19	5.70	5.11	5.41	165938	889259.44
2019/02/19	5.47	5.65	5.44	5.47	302940	1677826.00
2019/02/20	5.43	5.49	5.38	5.43	107740	583577.38
2019/02/21	5.52	5.52	5.42	5.44	68500	372675.00
2019/02/22	5.36	5.48	5.36	5.48	73310	397577.00
2019/02/25	5.38	5.70	5.38	5.68	280817	1579636.75
2019/02/26	5.69	5.75	5.57	5.59	364600	2052675.00
2019/02/27	5.61	5.70	5.58	5.59	423382	2384360.00
2019/02/28	5.68	5.77	5.56	5.63	361924	2056558.88
2019/03/01	5.56	5.70	5.56	5.68	78200	441431.19
2019/03/04	5.83	5.83	5.61	5.70	276950	1580613.00
2019/03/05	5.70	5.70	5.58	5.64	186900	1053025.00
2019/03/06	5.64	5.72	5.60	5.65	337200	1904938.88
2019/03/07	5.68	5.69	5.60	5.63	296120	1671960.00
2019/03/08	5.62	5.62	5.45	5.48	260600	1444971.00
2019/03/11	5.41	5.63	5.41	5.61	216200	1193723.00
2019/03/12	5.63	5.66	5.58	5.60	227800	1277682.00
2019/03/13	5.50	5.65	5.50	5.56	250830	1408733.00
2019/03/14	5.56	5.57	5.48	5.50	108400	597732.38
2019/03/15	5.43	5.66	5.43	5.59	211061	1181674.38
2019/03/18	5.59	5.70	5.59	5.70	187740	1062227.75
2019/03/19	5.70	5.70	5.57	5.63	71800	402870.00
2019/03/20	5.63	5.63	5.53	5.62	83500	465884.00
2019/03/21	5.68	5.80	5.68	5.78	488390	2806165.50
2019/03/22	5.71	5.80	5.67	5.77	273200	1563434.00
2019/03/25	5.77	5.77	5.68	5.74	506000	2905462.00
2019/03/26	5.76	5.76	5.57	5.62	203126	1143300.88
2019/03/27	5.71	5.71	5.56	5.64	139275	779704.00
2019/03/28	5.54	5.59	5.54	5.56	142500	793585.00
2019/03/29	5.56	5.64	5.53	5.59	96600	539665.00
2019/04/01	5.64	5.84	5.62	5.84	1171943	6706509.00
2019/04/02	5.85	5.88	5.80	5.81	358806	2095198.00
2019/04/03	5.80	6.12	5.80	6.11	729461	4395111.50
2019/04/04	6.19	6.19	6.06	6.06	427400	2610906.00
2019/04/08	6.17	6.17	5.95	6.06	412693	2494365.25
2019/04/09	6.11	6.12	6.03	6.07	215840	1309052.88
2019/04/10	6.03	6.12	6.00	6.10	285700	1726780.00
2019/04/11	6.02	6.11	6.01	6.02	301600	1823287.00
2019/04/12	6.02	6.09	6.00	6.07	268331	1618778.00
2019/04/15	6.08	6.22	6.08	6.18	561200	3466215.25
2019/04/16	6.18	6.20	6.05	6.20	344210	2102095.00
2019/04/17	6.20	6.23	6.14	6.23	236310	1463938.00
2019/04/18	6.20	6.25	6.19	6.24	253394	1575120.63
2019/04/19	6.26	6.26	6.13	6.24	168000	1037794.00
2019/04/22	6.27	6.27	6.06	6.11	197700	1212689.00
2019/04/23	6.12	6.17	5.95	5.99	314310	1895488.00
2019/04/24	6.01	6.10	5.95	6.10	119665	716427.75
2019/04/25	6.08	6.08	5.95	5.95	187900	1127318.00
2019/04/26	5.94	6.10	5.83	6.00	156700	929505.00
2019/04/29	5.92	6.02	5.89	5.91	149130	887143.50
2019/04/30	5.92	6.05	5.91	6.05	204160	1222453.25
2019/05/06	5.97	5.97	5.45	5.73	449200	2573466.00
2019/05/07	5.73	5.82	5.71	5.79	156211	901367.25
2019/05/08	5.63	5.80	5.63	5.71	107100	611619.00
2019/05/09	5.68	5.76	5.66	5.70	77000	439254.00
2019/05/10	5.70	5.85	5.70	5.84	110111	635261.81
2019/05/13	5.95	5.98	5.78	5.97	208400	1233156.00
2019/05/14	5.96	6.01	5.93	5.95	57600	344187.00
2019/05/15	6.06	6.06	5.95	5.97	131100	789038.00
2019/05/16	5.86	5.86	5.52	5.69	201000	1125627.00
2019/05/17	5.58	5.66	5.52	5.52	153000	851166.00
2019/05/20	5.43	5.43	5.31	5.36	112100	601192.00
2019/05/21	5.30	5.57	5.30	5.53	120648	660553.63
2019/05/22	5.61	5.62	5.53	5.62	82470	461176.19
2019/05/23	5.65	5.65	5.52	5.63	84000	469632.00
2019/05/24	5.64	5.64	5.60	5.60	200300	1127948.00
2019/05/27	5.60	5.74	5.60	5.73	116310	659285.00
2019/05/28	5.74	5.77	5.64	5.67	109800	625748.00
2019/05/29	5.70	5.77	5.62	5.72	101200	579776.00
2019/05/30	5.65	5.67	5.61	5.67	40800	229759.00
2019/05/31	5.67	5.67	5.51	5.62	152600	848153.00
2019/06/03	5.47	5.57	5.47	5.57	21830	120427.10
2019/06/04	5.47	5.59	5.47	5.56	41000	225366.00
2019/06/05	5.57	5.65	5.51	5.56	60300	336472.00
2019/06/06	5.56	5.56	5.46	5.56	51300	281560.00
2019/06/10	5.51	5.61	5.51	5.61	93700	519626.00
2019/06/11	5.62	5.69	5.62	5.69	104900	594336.00
2019/06/12	5.69	5.69	5.58	5.69	23400	132463.00
2019/06/13	5.71	5.71	5.59	5.69	25300	142581.00
2019/06/14	5.69	5.71	5.64	5.69	14300	81422.00
2019/06/17	5.70	5.70	5.61	5.67	25500	143443.00
2019/06/18	5.70	5.70	5.57	5.66	7200	40432.00
2019/06/19	5.71	5.71	5.60	5.65	62100	350619.00
2019/06/20	5.70	5.70	5.62	5.66	66400	375872.00
2019/06/21	5.70	5.70	5.63	5.67	127700	722824.00
2019/06/24	5.70	5.70	5.61	5.66	40600	229018.00
2019/06/25	5.62	5.63	5.60	5.60	44650	250343.00
2019/06/26	5.69	5.69	5.60	5.60	36500	205437.00
2019/06/27	5.65	5.66	5.60	5.61	25900	145678.00
2019/06/28	5.61	5.63	5.49	5.53	89600	499911.00
2019/07/01	5.59	5.70	5.55	5.68	295600	1671408.25
2019/07/02	5.68	5.70	5.61	5.65	94900	535735.00
2019/07/03	5.72	5.72	5.62	5.70	62000	349367.00
2019/07/04	5.70	5.71	5.62	5.71	160300	910172.00
2019/07/05	5.70	5.78	5.68	5.71	82800	472879.19
2019/07/08	5.65	5.69	5.62	5.69	96400	544327.00
2019/07/09	5.69	5.78	5.61	5.77	204900	1175363.00
2019/07/10	5.78	5.84	5.68	5.77	62500	359578.00
2019/07/11	5.78	5.82	5.77	5.82	93424	541731.94
2019/07/12	5.84	5.84	5.70	5.82	63100	365481.00
2019/07/15	5.83	5.83	5.74	5.83	20100	116375.00
2019/07/16	5.80	5.83	5.73	5.77	77700	447162.97
2019/07/17	5.81	5.81	5.70	5.76	81480	465933.59
2019/07/18	5.77	5.80	5.62	5.66	80800	457603.00
2019/07/19	5.73	5.98	5.62	5.90	404228	2368380.50
2019/07/22	5.90	5.93	5.81	5.87	204600	1199323.75
2019/07/23	5.85	5.98	5.85	5.90	139760	822943.50
2019/07/24	5.93	5.93	5.85	5.90	62100	365069.00
2019/07/25	5.96	5.96	5.83	5.89	74000	434342.00
2019/07/26	5.84	5.90	5.84	5.86	26200	153421.00
2019/07/29	5.89	5.89	5.81	5.85	40900	238925.00
2019/07/30	5.89	5.89	5.82	5.87	77600	455182.00
2019/07/31	5.82	5.84	5.81	5.81	43700	254349.00
2019/08/01	5.85	5.85	5.74	5.77	32700	189589.00
2019/08/02	5.71	5.74	5.60	5.66	187200	1057013.00
2019/08/05	5.70	5.70	5.51	5.61	74305	415654.56
2019/08/06	5.51	5.57	5.41	5.45	167830	911762.94
2019/08/07	5.54	5.54	5.44	5.47	18000	98306.00
2019/08/08	5.52	5.54	5.50	5.54	29500	162904.00
2019/08/09	5.58	5.58	5.50	5.55	15200	84170.00
2019/08/12	5.55	5.62	5.46	5.52	36700	202853.00
2019/08/13	5.45	5.48	5.40	5.42	38420	208038.20
2019/08/14	5.43	5.47	5.42	5.45	21500	116835.00
2019/08/15	5.46	5.48	5.41	5.42	53400	291343.00
2019/08/16	5.47	5.58	5.42	5.58	100900	556267.00
2019/08/19	5.90	6.01	5.87	5.98	1054736	6264765.00
2019/08/20	5.98	6.05	5.73	5.89	525000	3105855.00
2019/08/21	5.85	5.85	5.71	5.74	242674	1396789.25
2019/08/22	5.80	5.90	5.74	5.82	253600	1473926.00
2019/08/23	5.86	5.86	5.70	5.71	191800	1098159.00
2019/08/26	5.65	5.74	5.59	5.72	106000	600793.00
2019/08/27	5.70	5.78	5.61	5.77	91400	524809.00
2019/08/28	5.78	5.78	5.67	5.75	52200	299243.00
2019/08/29	5.75	5.80	5.68	5.78	88150	508006.50
2019/08/30	5.78	5.79	5.68	5.71	62100	355054.00
2019/09/02	5.74	5.77	5.69	5.76	51900	297686.41
2019/09/03	5.71	5.78	5.70	5.70	51100	292383.00
2019/09/04	5.72	5.82	5.70	5.82	173632	997393.00
2019/09/05	5.83	5.83	5.78	5.80	131900	765776.00
2019/09/06	5.83	5.86	5.77	5.77	59200	343088.00
2019/09/09	5.80	5.90	5.77	5.85	167800	974389.00
2019/09/10	5.90	5.90	5.80	5.80	132610	769824.00
2019/09/11	5.87	5.87	5.75	5.78	64210	373071.97
2019/09/12	5.83	5.89	5.78	5.85	56400	330525.41
2019/09/16	5.88	5.88	5.82	5.83	21000	122453.00
2019/09/17	5.83	5.83	5.73	5.82	38242	220092.66
2019/09/18	5.86	5.86	5.78	5.84	25400	147109.00
2019/09/19	5.86	5.90	5.76	5.78	42300	246364.00
2019/09/20	5.83	5.85	5.78	5.81	19124	111404.20
2019/09/23	5.86	5.88	5.78	5.84	156100	911132.00
2019/09/24	5.87	5.87	5.79	5.80	120280	700617.19
2019/09/25	5.87	5.87	5.74	5.77	184500	1069084.00
2019/09/26	5.78	5.78	5.69	5.71	61000	348592.00
2019/09/27	5.65	5.78	5.65	5.76	32480	185768.00
2019/09/30	5.76	5.76	5.63	5.65	37300	210958.00
2019/10/08	5.69	5.73	5.68	5.68	36800	209774.00
2019/10/09	5.64	5.73	5.63	5.71	19700	111735.00
2019/10/10	5.68	5.72	5.63	5.71	46400	262780.00
2019/10/11	5.64	5.73	5.64	5.72	12177	69304.05
2019/10/14	5.73	5.76	5.72	5.72	63700	365085.00
2019/10/15	5.67	5.75	5.66	5.74	18800	107508.00
2019/10/16	5.73	5.73	5.67	5.73	8800	50039.00
2019/10/17	5.65	5.79	5.65	5.70	24000	137863.00
2019/10/18	5.69	5.74	5.66	5.74	50700	287742.00
2019/10/21	5.64	5.73	5.64	5.73	8100	45852.00
2019/10/22	5.75	5.75	5.66	5.68	14800	83949.00
2019/10/23	5.65	5.72	5.65	5.71	500	2845.00
2019/10/24	5.71	5.73	5.65	5.72	20000	113134.00
2019/10/25	5.67	5.73	5.67	5.73	9100	51845.00
2019/10/28	5.73	5.73	5.58	5.71	63160	357306.81
2019/10/29	5.63	5.69	5.60	5.67	35500	199748.00
2019/10/30	5.67	5.67	5.58	5.65	19700	110354.00
2019/10/31	5.53	5.60	5.48	5.58	95100	526633.00
2019/11/01	5.58	5.58	5.53	5.57	38100	211864.00
2019/11/04	5.48	5.64	5.48	5.52	133148	732422.00
2019/11/05	5.50	5.54	5.43	5.48	59700	327352.00
2019/11/06	5.40	5.51	5.40	5.44	11060	60478.80
2019/11/07	5.41	5.44	5.40	5.44	60000	324896.00
2019/11/08	5.51	5.51	5.34	5.38	69200	372854.00
2019/11/11	5.38	5.38	5.21	5.23	77930	409464.31
2019/11/12	5.23	5.26	5.18	5.25	39600	205975.00
2019/11/13	5.28	5.28	5.20	5.21	27800	146210.00
2019/11/14	5.14	5.23	5.14	5.21	45960	237067.59
2019/11/15	5.21	5.21	5.09	5.09	68500	351125.00
2019/11/18	5.09	5.14	5.09	5.14	14700	75083.00
2019/11/19	5.10	5.14	5.10	5.13	13300	68116.00
2019/11/20	5.18	5.18	5.07	5.15	20800	106538.00
2019/11/21	5.10	5.10	5.08	5.09	9000	45797.00
2019/11/22	5.03	5.09	4.86	5.01	166202	824038.75
2019/11/25	4.96	4.96	4.86	4.94	66930	328323.81
2019/11/26	4.86	4.86	4.80	4.86	92370	445568.19
2019/11/27	4.86	4.92	4.86	4.86	69310	338502.41
2019/11/28	4.93	4.93	4.86	4.86	29900	146440.00
2019/11/29	4.93	4.93	4.84	4.92	64300	315440.00
2019/12/02	4.92	5.05	4.91	5.00	33525	166392.75
2019/12/03	4.97	5.10	4.97	5.09	56400	284839.00
2019/12/04	5.15	5.15	5.05	5.07	48200	246141.00
2019/12/05	5.05	5.30	5.00	5.30	281820	1457118.38
2019/12/06	5.35	5.36	5.21	5.28	97900	518215.94
2019/12/09	5.32	5.32	5.16	5.30	59700	310598.00
2019/12/10	5.25	5.28	5.20	5.28	13200	69071.00
2019/12/11	5.28	5.33	5.15	5.33	81800	428089.00
2019/12/12	5.19	5.28	5.19	5.28	73740	384881.59
2019/12/13	5.28	5.46	5.28	5.38	103600	554921.00
2019/12/16	5.45	5.46	5.33	5.42	55900	301645.19
2019/12/17	5.45	5.47	5.31	5.43	164110	885396.19
2019/12/18	5.31	5.47	5.31	5.41	90900	485409.00
2019/12/19	5.21	5.39	5.21	5.28	78700	414194.00
2019/12/20	5.38	5.45	5.17	5.27	144200	750938.00
2019/12/23	5.19	5.25	5.18	5.20	11400	59161.00
2019/12/24	5.23	5.23	5.17	5.19	27300	141504.00
2019/12/25	5.20	5.20	5.16	5.19	37700	194869.00
2019/12/26	5.17	5.25	5.17	5.20	55200	287525.00
2019/12/27	5.23	5.23	5.12	5.19	126710	652957.19
2019/12/30	5.11	5.17	5.10	5.16	50300	257965.00
2019/12/31	5.15	5.17	5.10	5.17	29300	150430.00
2020/01/02	5.18	5.33	5.17	5.30	179500	933723.00
2020/01/03	5.29	5.31	5.25	5.30	73800	390601.00
2020/01/06	5.17	5.26	5.17	5.25	35301	183622.20
2020/01/07	5.28	5.28	5.22	5.27	26100	137221.00
2020/01/08	5.22	5.22	5.13	5.22	110610	572284.31
2020/01/09	5.23	5.24	5.17	5.24	25900	135037.00
2020/01/10	5.25	5.26	5.18	5.19	44201	229985.19
2020/01/13	5.19	5.19	5.13	5.19	88000	455577.00
2020/01/14	5.20	5.23	5.16	5.19	38300	198751.00
2020/01/15	5.20	5.20	5.16	5.20	12000	62118.00
2020/01/16	5.20	5.23	5.14	5.23	53200	275554.00
2020/01/17	5.25	5.25	5.17	5.22	32300	167957.00
2020/01/20	5.22	5.28	5.18	5.20	28728	149467.23
2020/01/21	5.16	5.21	5.11	5.21	26000	134219.00
2020/01/22	5.12	5.19	5.11	5.19	60900	311850.00
2020/01/23	5.08	5.11	4.85	5.09	86300	433749.00
2020/02/03	4.58	4.58	4.58	4.58	67500	309150.00
2020/02/04	4.21	4.58	4.12	4.38	388930	1684822.75
2020/02/05	4.38	4.49	4.38	4.44	318621	1417221.63
2020/02/06	4.42	4.46	4.32	4.46	192900	847503.00
2020/02/07	4.40	4.40	4.33	4.34	124600	541466.00
2020/02/10	4.33	4.41	4.33	4.40	69100	302393.00
2020/02/11	4.40	4.63	4.37	4.49	222679	999536.94
2020/02/12	4.54	4.55	4.40	4.52	312719	1402726.50
2020/02/13	4.45	4.55	4.35	4.36	278200	1227870.00
2020/02/14	4.36	4.38	4.31	4.34	156200	677683.00
2020/02/17	4.34	4.43	4.31	4.40	171101	749601.38
2020/02/18	4.44	4.44	4.33	4.40	387700	1686648.00
2020/02/19	4.40	4.42	4.31	4.35	199301	865956.31
2020/02/20	4.26	4.39	4.25	4.38	221405	964836.63
2020/02/21	4.34	4.37	4.31	4.35	121810	527642.13
2020/02/24	4.31	4.32	4.24	4.27	190000	815262.19
2020/02/25	4.13	4.21	4.12	4.20	171189	713179.00
2020/02/26	4.12	4.30	4.12	4.21	256579	1087740.13
2020/02/27	4.24	4.25	4.17	4.20	72800	306177.00
2020/02/28	4.19	4.19	4.06	4.07	195100	799909.00
2020/03/02	4.14	4.22	4.13	4.19	126100	527012.00
2020/03/03	4.25	4.36	4.19	4.35	359610	1527879.38
2020/03/04	4.28	4.39	4.26	4.36	294780	1281820.25
2020/03/05	4.38	4.39	4.25	4.35	97279	420434.75
2020/03/06	4.32	4.32	4.21	4.26	99540	423753.81
2020/03/09	4.20	4.26	4.20	4.22	65400	276305.00
2020/03/10	4.20	4.24	4.15	4.22	106600	448819.00
2020/03/11	4.22	4.37	4.22	4.28	104700	450671.00
2020/03/12	4.27	4.31	4.25	4.28	65000	277914.00
2020/03/13	4.21	4.25	4.08	4.15	175000	725373.00
2020/03/16	4.17	4.17	4.03	4.06	110900	456109.00
2020/03/17	4.06	4.06	3.81	3.96	248507	973252.69
2020/03/18	4.11	4.29	4.11	4.21	735307	3101149.25
2020/03/19	4.24	4.33	4.18	4.33	515635	2193907.50
2020/03/20	4.36	4.58	4.36	4.58	516184	2310717.50
2020/03/23	4.48	4.65	4.48	4.56	241800	1102610.00
2020/03/24	4.56	4.64	4.55	4.59	293450	1348636.50
2020/03/25	4.68	4.69	4.58	4.63	248520	1151264.63
2020/03/26	4.55	4.61	4.53	4.55	132500	606756.00
2020/03/27	4.51	4.60	4.51	4.55	101810	463948.59
2020/03/30	4.54	4.60	4.50	4.60	200724	913486.50
2020/03/31	4.64	4.78	4.64	4.74	331300	1562480.00
2020/04/01	4.81	4.81	4.73	4.76	130300	623796.00
2020/04/02	4.73	4.95	4.73	4.87	195600	943749.00
2020/04/03	4.96	5.08	4.82	5.06	231428	1148676.63
2020/04/07	5.06	5.09	5.00	5.07	217910	1098718.75
2020/04/08	5.07	5.07	4.80	5.00	125428	624419.88
2020/04/09	5.05	5.06	4.97	5.00	199900	1000636.00
2020/04/10	5.01	5.05	4.93	5.05	186950	935335.50
2020/04/13	5.04	5.10	4.93	5.09	340420	1717462.75
2020/04/14	5.10	5.14	5.10	5.14	121800	625077.00
2020/04/15	5.09	5.14	5.06	5.10	107000	544208.00
2020/04/16	5.01	5.07	5.01	5.06	169610	852703.13
2020/04/17	5.08	5.08	4.99	5.05	138150	693194.00
2020/04/20	5.05	5.08	4.93	5.03	54212	271767.00
2020/04/21	5.00	5.07	4.86	4.97	170580	844387.50
2020/04/22	5.01	5.01	4.92	4.99	149800	746387.19
2020/04/23	4.93	4.98	4.87	4.97	188560	924027.81
2020/04/24	4.97	4.99	4.90	4.94	77880	385348.41
2020/04/27	4.86	5.03	4.86	4.93	106880	530525.81
2020/04/28	4.68	4.99	4.68	4.96	145500	712049.13
2020/04/29	4.92	4.99	4.92	4.98	89880	444450.41
2020/04/30	4.98	5.18	4.98	5.18	348969	1788684.38
2020/05/06	5.07	5.30	5.07	5.26	159400	831124.00
2020/05/07	5.27	5.27	5.20	5.25	85900	450490.00
2020/05/08	5.28	5.34	5.24	5.33	173850	922166.69
2020/05/11	5.38	5.40	5.32	5.38	104700	561894.00
2020/05/12	5.41	5.41	5.13	5.30	276600	1442669.00
2020/05/13	5.20	5.28	5.17	5.27	291078	1514762.25
2020/05/14	5.20	5.27	5.19	5.25	241050	1257734.00
2020/05/15	5.27	5.38	5.27	5.37	245449	1311729.50
2020/05/18	5.12	5.25	5.03	5.15	275410	1417707.13
2020/05/19	5.19	5.25	5.17	5.20	173800	902048.00
2020/05/20	5.20	5.22	5.15	5.18	116480	602328.00
2020/05/21	5.18	5.18	5.13	5.16	238800	1229043.00
2020/05/22	5.16	5.16	5.03	5.05	244003	1232356.13
2020/05/25	5.05	5.07	5.02	5.03	166460	837952.69
2020/05/26	5.05	5.25	5.03	5.18	469961	2410821.25
2020/05/27	5.18	5.18	5.08	5.18	111300	572332.00
2020/05/28	5.18	5.24	5.14	5.22	206731	1075986.63
2020/05/29	5.15	5.47	5.14	5.35	349761	1854324.00
2020/06/01	5.35	5.37	5.24	5.37	185800	984749.00
2020/06/02	5.41	5.75	5.40	5.57	707525	3945977.50
2020/06/03	5.51	5.75	5.47	5.71	839336	4722283.50
2020/06/04	5.61	5.85	5.52	5.62	540610	3066903.25
2020/06/05	5.67	5.67	5.46	5.56	317881	1756356.75
2020/06/08	5.61	5.62	5.36	5.42	303959	1648848.75
2020/06/09	5.39	5.54	5.39	5.49	119400	649822.50
2020/06/10	5.49	5.69	5.49	5.67	725452	4067394.00
2020/06/11	5.67	5.78	5.66	5.71	650687	3733827.75
2020/06/12	5.65	5.83	5.51	5.82	661716	3772206.50
2020/06/15	5.84	5.98	5.63	5.68	867000	5026074.00
2020/06/16	5.78	5.86	5.58	5.80	627560	3579096.00
2020/06/17	5.68	5.91	5.63	5.89	542560	3171338.00
2020/06/18	5.94	6.01	5.85	5.91	694941	4133012.00
2020/06/19	5.82	5.96	5.80	5.88	207160	1211625.88
2020/06/22	5.96	5.96	5.80	5.86	236300	1384129.00
2020/06/23	5.78	5.94	5.78	5.94	238890	1400982.25
2020/06/24	5.97	5.97	5.68	5.81	834819	4795922.00
2020/06/29	5.86	5.86	5.65	5.77	280700	1600474.00
2020/06/30	5.80	5.87	5.53	5.79	734582	4166221.75
2020/07/01	5.79	5.88	5.67	5.88	825870	4788467.50
2020/07/02	5.93	5.93	5.74	5.80	555774	3225587.75
2020/07/03	5.70	5.92	5.64	5.92	496100	2855856.00
2020/07/06	5.92	6.16	5.88	6.14	931464	5624136.00
2020/07/07	6.16	6.30	6.13	6.28	810681	5038274.00
2020/07/08	6.26	6.28	6.10	6.27	384400	2372437.00
2020/07/09	6.28	6.65	6.14	6.55	1028981	6554385.50
2020/07/10	6.70	7.07	6.61	6.99	1850436	12791396.00
2020/07/13	7.30	7.69	7.24	7.69	1578060	11868504.00
2020/07/14	7.92	8.38	7.38	7.68	1777087	13634886.00
2020/07/15	7.67	7.97	7.06	7.08	1272196	9450431.00
2020/07/16	6.73	7.24	6.72	7.04	1040238	7327342.50
2020/07/17	7.03	7.14	6.88	7.07	585093	4082971.25
2020/07/20	6.98	7.14	6.90	7.14	323552	2279402.50
2020/07/21	7.20	7.48	7.19	7.41	776238	5724018.50
2020/07/22	7.31	7.78	7.28	7.55	1085700	8206339.00
2020/07/23	7.48	7.60	7.37	7.55	377621	2825250.75
2020/07/24	7.50	7.60	7.10	7.23	781146	5726520.50
2020/07/27	7.15	7.27	6.79	6.81	518100	3602473.75
2020/07/28	6.72	7.14	6.72	6.89	354360	2470243.00
2020/07/29	6.89	7.08	6.83	7.06	305440	2148647.50
2020/07/30	7.13	7.23	7.01	7.23	415858	2955778.50
2020/07/31	7.18	7.28	7.13	7.28	299550	2161850.50
2020/08/03	7.21	7.76	7.21	7.67	952795	7225431.00
2020/08/04	7.67	7.90	7.67	7.75	901676	7049145.00
2020/08/05	7.73	7.73	7.39	7.65	519015	3921809.50
2020/08/06	7.72	7.72	7.45	7.55	258010	1940242.50
2020/08/07	7.41	7.66	7.41	7.54	312440	2353511.50
2020/08/10	7.46	7.86	7.46	7.73	441200	3395309.00
2020/08/11	7.78	7.83	7.59	7.60	442000	3418150.00
2020/08/12	7.59	7.73	7.46	7.53	328700	2486586.00
2020/08/13	7.50	7.64	7.36	7.45	249330	1870038.75
2020/08/14	7.48	7.52	7.43	7.52	176700	1317994.00
2020/08/17	7.50	7.58	7.48	7.57	290950	2195448.00
2020/08/18	7.64	7.64	7.49	7.56	238900	1803588.00
2020/08/19	7.56	7.59	7.50	7.54	308341	2329312.25
2020/08/20	7.52	7.52	6.80	6.91	927677	6604358.00
2020/08/21	6.72	7.01	6.70	6.96	687230	4725701.50
2020/08/24	6.86	6.95	6.79	6.85	359460	2452091.50
2020/08/25	6.80	6.96	6.80	6.87	185100	1276291.00
2020/08/26	6.81	6.88	6.76	6.78	313400	2134951.00
2020/08/27	6.74	6.78	6.66	6.78	209250	1402690.00
2020/08/28	6.85	6.85	6.72	6.79	146670	991662.13
2020/08/31	6.79	6.88	6.79	6.81	174929	1191711.13
2020/09/01	6.80	6.80	6.60	6.63	209800	1398778.00
2020/09/02	6.72	6.73	6.50	6.51	304800	1998985.00
2020/09/03	6.51	6.51	6.21	6.34	493900	3121812.00
2020/09/04	6.16	6.21	6.08	6.14	189700	1166238.00
2020/09/07	5.87	6.23	5.87	6.03	212200	1281197.00
2020/09/08	6.03	6.20	6.03	6.17	177300	1087310.00
2020/09/09	6.10	6.10	6.03	6.08	156110	946575.69
2020/09/10	6.05	6.26	6.05	6.17	190600	1176555.00
2020/09/11	6.19	6.29	6.19	6.27	119280	744659.63
2020/09/14	6.34	6.34	6.23	6.26	75070	470411.50
2020/09/15	6.22	6.30	6.22	6.30	97330	610063.88
2020/09/16	6.33	6.36	6.28	6.30	77080	485732.19
2020/09/17	6.28	6.32	6.25	6.30	169900	1064925.00
2020/09/18	6.34	6.74	6.34	6.70	772546	5085827.50
2020/09/21	6.82	6.86	6.56	6.56	148800	987627.00
2020/09/22	6.55	6.60	6.49	6.50	90000	586059.00
2020/09/23	6.50	6.70	6.45	6.63	321400	2114891.00
2020/09/24	6.68	6.68	6.44	6.54	138656	897932.19
2020/09/25	6.59	6.59	6.42	6.47	54366	352962.59
2020/09/28	6.55	6.55	6.37	6.37	111600	716751.00
2020/09/29	6.38	6.55	6.35	6.50	174200	1124613.00
2020/09/30	6.50	6.50	6.40	6.49	53040	341904.00
2020/10/09	6.50	6.55	6.28	6.46	222659	1432198.25
2020/10/12	6.66	6.75	6.54	6.66	483340	3197185.25
2020/10/13	6.67	6.67	6.60	6.64	125730	831935.00
2020/10/14	6.53	6.60	6.48	6.49	145000	942702.00
2020/10/15	6.45	6.53	6.33	6.50	54900	353555.00
2020/10/16	6.54	6.54	6.43	6.45	20500	132684.00
2020/10/19	6.46	6.58	6.44	6.49	65710	428496.19
2020/10/20	6.44	6.44	6.25	6.33	195000	1232154.00
2020/10/21	6.18	6.41	6.16	6.17	161000	1001031.00
2020/10/22	6.15	6.19	6.10	6.16	89800	552755.00
2020/10/23	6.20	6.20	6.09	6.09	88470	542090.38
2020/10/26	6.07	6.08	5.93	6.01	207700	1247033.00
2020/10/27	5.95	6.00	5.80	5.90	229400	1343609.00
2020/10/28	5.81	5.89	5.64	5.66	288801	1651437.38
2020/10/29	5.64	5.64	5.35	5.39	345019	1858309.50
2020/10/30	5.43	5.43	5.21	5.26	202301	1068326.25
2020/11/02	5.10	5.29	5.10	5.27	127900	664398.00
2020/11/03	5.37	5.51	5.36	5.48	163400	889278.00
2020/11/04	5.48	5.48	5.37	5.40	96242	518616.53
2020/11/05	5.58	5.59	5.45	5.53	100900	554064.00
2020/11/06	5.52	5.53	5.41	5.50	186800	1023685.00
2020/11/09	5.61	5.63	5.40	5.61	217200	1210875.00
2020/11/10	5.70	5.75	5.57	5.65	112100	635447.00
2020/11/11	5.56	5.68	5.56	5.59	71100	397461.00
2020/11/12	5.55	5.59	5.50	5.55	50800	281033.00
2020/11/13	5.50	5.52	5.46	5.46	68500	376325.00
2020/11/16	5.31	5.48	5.30	5.48	103100	557561.00
2020/11/17	5.50	5.50	5.35	5.35	209900	1127898.00
2020/11/18	5.34	5.38	5.32	5.35	254600	1361640.00
2020/11/19	5.13	5.35	5.13	5.35	77610	411528.91
2020/11/20	5.25	5.35	5.25	5.30	85700	454049.00
2020/11/23	5.35	5.35	5.25	5.31	95200	503759.00
2020/11/24	5.26	5.30	5.22	5.26	138360	726206.81
2020/11/25	5.25	5.27	5.22	5.23	147190	770916.81
2020/11/26	5.23	5.23	5.18	5.22	144841	753989.19
2020/11/27	5.13	5.34	5.13	5.34	175060	923015.38
2020/11/30	5.30	5.64	5.30	5.55	542200	3023911.00
2020/12/01	5.46	5.73	5.46	5.71	479032	2708949.50
2020/12/02	5.72	5.81	5.68	5.77	160300	923336.88
2020/12/03	5.77	5.77	5.69	5.73	94700	542506.00
2020/12/04	5.72	5.76	5.70	5.72	170733	977738.13
2020/12/07	5.70	5.70	5.60	5.61	157200	884238.00
2020/12/08	5.59	5.64	5.53	5.58	150200	838092.00
2020/12/09	5.53	5.60	5.52	5.52	95600	529121.00
2020/12/10	5.49	5.53	5.49	5.51	70830	390547.00
2020/12/11	5.50	5.50	5.36	5.37	133410	722069.63
2020/12/14	5.42	5.52	5.33	5.45	74830	409596.50
2020/12/15	5.45	5.46	5.40	5.45	49200	266834.00
2020/12/16	5.49	5.49	5.41	5.44	50400	273283.00
2020/12/17	5.41	5.44	5.40	5.43	82060	444467.00
2020/12/18	5.44	5.51	5.40	5.48	119600	652968.00
2020/12/21	5.41	5.56	5.41	5.51	80400	441999.00
2020/12/22	5.50	5.52	5.42	5.47	119600	651661.00
2020/12/23	5.41	5.56	5.39	5.45	163500	889606.00
2020/12/24	5.54	5.58	5.43	5.44	69900	383830.91
2020/12/25	5.41	5.41	5.33	5.38	308000	1653923.00
2020/12/28	5.42	5.42	5.22	5.31	349033	1841670.25
2020/12/29	5.17	5.60	5.14	5.44	269900	1433869.00
2020/12/30	5.38	5.38	5.29	5.36	143900	765616.00
2020/12/31	5.30	5.36	5.30	5.34	101007	537677.19
2021/01/04	5.35	5.40	5.27	5.39	199470	1060801.00
2021/01/05	5.39	5.39	5.26	5.31	169500	899443.00
2021/01/06	5.31	5.38	5.26	5.28	121270	642877.19
2021/01/07	5.23	5.37	5.16	5.21	189400	988609.00
2021/01/08	5.19	5.20	5.14	5.18	328940	1696435.00
2021/01/11	5.17	5.19	5.05	5.08	317300	1615458.00
2021/01/12	5.05	5.07	5.01	5.05	276200	1388136.00
2021/01/13	5.05	5.06	4.98	5.06	381849	1912882.13
2021/01/14	5.01	5.25	5.01	5.21	174789	896982.69
2021/01/15	5.21	5.21	5.12	5.16	114489	590767.25
2021/01/18	5.16	5.21	5.08	5.19	135300	696058.00
2021/01/19	5.19	5.42	5.14	5.35	593100	3148405.00
2021/01/20	5.25	5.34	5.21	5.31	140530	741436.50
2021/01/21	5.31	5.31	5.20	5.27	259660	1361436.00
2021/01/22	5.22	5.22	5.12	5.12	84400	435026.00
2021/01/25	5.11	5.15	5.03	5.05	151160	768837.00
2021/01/26	5.05	5.12	5.01	5.08	54700	276310.00
2021/01/27	5.02	5.13	5.00	5.11	94510	481796.00
2021/01/28	5.04	5.10	5.04	5.06	51000	258454.00
2021/01/29	5.09	5.10	5.01	5.02	167700	846883.00
2021/02/01	5.01	5.09	4.98	5.09	110470	557728.19
2021/02/02	5.04	5.09	5.01	5.05	96000	485450.00
2021/02/03	5.17	5.17	5.03	5.03	116000	586557.00
2021/02/04	5.02	5.08	5.02	5.08	87000	439779.00
2021/02/05	5.09	5.13	5.09	5.10	146800	748900.00
2021/02/08	5.03	5.11	5.03	5.11	204330	1042422.50
2021/02/09	5.07	5.15	5.07	5.12	91196	466886.72
2021/02/10	5.12	5.27	5.12	5.26	202806	1061090.75
2021/02/18	5.31	5.35	5.17	5.30	294100	1557837.00
2021/02/19	5.28	5.34	5.21	5.34	218500	1158438.00
2021/02/22	5.39	5.56	5.36	5.48	611310	3355599.75
2021/02/23	5.48	5.48	5.39	5.45	189500	1027288.00
2021/02/24	5.46	5.57	5.45	5.53	404140	2227212.50
2021/02/25	5.50	6.00	5.42	5.71	805500	4631958.00
2021/02/26	5.59	5.65	5.53	5.58	238570	1329059.75
2021/03/01	5.56	5.69	5.56	5.68	192300	1088124.00
2021/03/02	5.66	5.77	5.60	5.66	218670	1237168.00
2021/03/03	5.60	5.71	5.55	5.61	171100	963860.00
2021/03/04	5.54	5.64	5.54	5.57	123600	687188.00
2021/03/05	5.53	5.62	5.53	5.54	155500	861803.00
2021/03/08	5.54	5.64	5.54	5.62	193670	1081701.00
2021/03/09	5.62	5.63	5.31	5.57	206410	1140294.00
2021/03/10	5.45	5.55	5.45	5.54	121100	663363.00
2021/03/11	5.54	5.59	5.50	5.58	92400	512013.00
2021/03/12	5.53	5.57	5.50	5.56	126200	697049.00
2021/03/15	5.59	5.88	5.59	5.80	754000	4369960.00
2021/03/16	5.85	6.03	5.72	6.01	1316259	7824299.00
2021/03/17	6.03	6.28	6.01	6.24	1458632	9070636.00
2021/03/18	6.36	6.36	5.98	6.03	1017495	6192822.50
2021/03/19	5.92	5.92	5.81	5.81	363670	2124158.75
2021/03/22	5.82	5.98	5.82	5.93	192600	1140505.00
2021/03/23	5.88	5.95	5.71	5.74	499200	2889562.00
2021/03/24	5.74	5.80	5.70	5.77	149620	856710.00
2021/03/25	5.68	5.86	5.68	5.81	236400	1369673.00
2021/03/26	5.82	5.87	5.75	5.86	131000	760040.00
2021/03/29	5.78	5.95	5.76	5.94	182800	1074571.00
2021/03/30	5.90	5.96	5.85	5.93	182600	1074735.00
2021/03/31	5.91	6.09	5.91	6.08	505330	3048427.50
2021/04/01	6.08	6.13	6.02	6.11	330250	2015990.13
2021/04/02	6.16	6.16	6.10	6.13	424900	2608979.00
2021/04/06	6.13	6.15	6.08	6.12	194200	1186916.00
2021/04/07	6.10	6.22	6.09	6.22	577410	3570954.00
2021/04/08	6.20	6.20	6.16	6.16	268400	1657471.00
2021/04/09	6.19	6.19	6.15	6.18	201600	1244587.00
2021/04/12	6.19	6.20	6.08	6.09	229200	1402516.88
2021/04/13	6.08	6.08	6.01	6.04	298660	1801946.63
2021/04/14	6.03	6.14	6.03	6.12	170300	1039561.00
2021/04/15	6.12	6.14	6.09	6.12	183100	1120779.00
2021/04/16	6.13	6.16	6.12	6.15	203150	1247724.50
2021/04/19	6.15	6.30	6.15	6.30	364610	2257622.75
2021/04/20	6.33	6.33	6.19	6.27	293100	1839985.00
2021/04/21	6.26	6.46	6.20	6.37	706700	4512078.00
2021/04/22	6.41	6.47	6.31	6.37	359400	2294443.00
2021/04/23	6.42	6.42	6.24	6.28	198509	1250401.38
2021/04/26	6.32	6.40	6.28	6.30	221850	1408092.00
2021/04/27	6.30	6.33	6.22	6.32	208700	1309017.63
2021/04/28	6.28	6.31	6.23	6.30	196200	1230585.00
2021/04/29	6.30	6.35	6.25	6.32	154300	974897.00
2021/04/30	6.21	6.21	5.80	5.86	279689	1642342.25
2021/05/06	5.90	6.07	5.90	6.02	267900	1607805.00
2021/05/07	6.02	6.02	5.93	5.98	108400	645104.00
2021/05/10	6.03	6.04	5.86	5.88	452400	2678062.00
2021/05/11	5.85	5.86	5.70	5.79	471971	2723959.50
2021/05/12	5.72	5.83	5.70	5.82	277210	1589426.25
2021/05/13	5.80	5.94	5.73	5.88	297772	1737150.63
2021/05/14	5.90	5.99	5.84	5.96	337100	2005057.50
2021/05/17	5.92	5.93	5.87	5.90	157400	926855.00
2021/05/18	5.94	5.94	5.88	5.92	73300	433874.00
2021/05/19	5.90	5.95	5.84	5.95	159200	934443.00
2021/05/20	5.83	5.94	5.80	5.85	163500	955268.00
2021/05/21	5.85	5.89	5.80	5.82	127200	740765.00
2021/05/24	5.82	5.87	5.81	5.84	159800	932219.00
2021/05/25	5.82	5.86	5.81	5.86	115303	673755.50
2021/05/26	5.84	5.88	5.83	5.88	159800	936073.00
2021/05/27	5.89	5.95	5.87	5.95	222900	1320852.00
2021/05/28	5.95	5.95	5.88	5.90	159782	946422.63
2021/05/31	5.95	5.95	5.84	5.88	118000	692397.00
2021/06/01	5.88	5.90	5.84	5.85	126900	742687.00
2021/06/02	5.85	5.93	5.84	5.92	187400	1105746.00
2021/06/03	5.93	6.07	5.90	6.06	567900	3409448.00
2021/06/04	6.06	6.12	5.98	6.05	287000	1733641.25
2021/06/07	6.04	6.04	5.95	6.02	77590	464446.81
2021/06/08	6.00	6.10	6.00	6.05	89472	540783.75
2021/06/09	6.08	6.08	6.02	6.07	57700	348956.00
2021/06/10	6.08	6.14	6.07	6.10	197080	1202549.63
2021/06/11	6.10	6.15	6.07	6.10	224400	1372310.00
2021/06/15	6.10	6.10	6.02	6.06	124300	753027.00
2021/06/16	6.04	6.08	6.00	6.00	158100	952764.00
2021/06/17	6.04	6.04	5.97	6.00	128100	768397.00
2021/06/18	5.98	5.98	5.91	5.92	161000	956411.00
2021/06/21	5.85	6.05	5.85	5.91	92200	546022.00
2021/06/22	5.91	5.95	5.90	5.95	107000	632583.00
2021/06/23	5.92	5.94	5.88	5.90	200470	1182102.25
2021/06/24	5.88	5.93	5.87	5.89	90400	532202.00
2021/06/25	5.94	5.98	5.90	5.95	121590	722511.63
2021/06/28	5.95	5.95	5.88	5.94	68560	404852.81
2021/06/29	5.89	5.96	5.88	5.94	146550	866961.00
2021/06/30	5.94	5.95	5.91	5.95	115700	685111.00
2021/07/01	5.95	5.95	5.88	5.92	175600	1037643.00
2021/07/02	5.88	5.90	5.84	5.90	230901	1355488.88
2021/07/05	5.90	5.93	5.84	5.92	157100	925002.00
2021/07/06	5.93	5.96	5.91	5.92	180600	1070795.00
2021/07/07	5.95	5.95	5.87	5.93	149630	885454.69
2021/07/08	5.90	5.90	5.84	5.88	372000	2175970.00
2021/07/09	5.78	5.88	5.70	5.88	189200	1100265.00
2021/07/12	5.88	5.88	5.80	5.87	168400	980773.00
2021/07/13	5.95	6.06	5.95	6.03	848196	5109522.50
2021/07/14	6.02	6.08	6.02	6.07	516570	3126230.50
2021/07/15	6.08	6.09	6.03	6.07	261570	1586338.25
2021/07/16	6.04	6.07	6.01	6.03	136400	822127.00
2021/07/19	6.02	6.06	5.97	6.00	167900	1006219.00
2021/07/20	5.97	6.03	5.96	6.03	150600	901782.00
2021/07/21	6.03	6.07	5.98	6.05	136600	824564.00
2021/07/22	6.08	6.27	6.05	6.24	776486	4798413.50
2021/07/23	6.21	6.26	6.15	6.15	233600	1442301.00
2021/07/26	6.16	6.20	6.03	6.09	305000	1859613.00
2021/07/27	6.09	6.13	6.02	6.10	205000	1245846.00
2021/07/28	6.01	6.10	5.98	6.09	106000	640944.00
2021/07/29	6.10	6.10	6.05	6.09	163100	989619.00
2021/07/30	6.10	6.10	6.03	6.05	100000	605392.00
2021/08/02	6.00	6.08	5.99	6.08	113901	687911.00
2021/08/03	6.03	6.10	6.03	6.07	19000	115073.00
2021/08/04	6.05	6.14	6.05	6.13	170400	1043236.00
2021/08/05	6.03	6.16	6.03	6.12	98300	600353.00
2021/08/06	6.12	6.12	6.05	6.09	86660	525865.19
2021/08/09	6.06	6.14	6.00	6.12	187000	1136166.00
2021/08/10	6.12	6.12	6.05	6.12	136900	831675.00
2021/08/11	6.13	6.25	6.12	6.18	602351	3728271.75
2021/08/12	6.13	6.18	6.06	6.13	225900	1377096.00
2021/08/13	6.13	6.13	6.07	6.11	351900	2146993.00
2021/08/16	6.10	6.12	6.07	6.11	111700	679910.00
2021/08/17	6.08	6.12	6.07	6.10	155300	944554.00
2021/08/18	6.10	6.11	6.06	6.11	123210	749879.81
2021/08/19	6.10	6.10	6.06	6.10	108000	657198.00
2021/08/20	6.07	6.07	6.02	6.07	213616	1291569.13
2021/08/23	6.03	6.09	6.03	6.05	207900	1258353.00
2021/08/24	6.07	6.08	6.03	6.06	94400	571334.00
2021/08/25	6.08	6.08	6.04	6.08	53700	325415.00
2021/08/26	6.06	6.13	6.06	6.13	179500	1097847.00
2021/08/27	6.13	6.14	6.08	6.13	191800	1171689.00
2021/08/30	6.17	6.19	6.13	6.19	387561	2388772.00
2021/08/31	6.17	6.22	6.16	6.19	298200	1847672.00
2021/09/01	6.19	6.24	6.19	6.22	449105	2791118.00
2021/09/02	6.25	6.25	6.15	6.21	313718	1946940.25
2021/09/03	6.22	6.24	6.19	6.21	148300	921402.00
2021/09/06	6.25	6.25	6.17	6.22	263100	1630959.00
2021/09/07	6.25	6.34	6.25	6.32	629813	3974243.25
2021/09/08	6.36	6.38	6.26	6.31	339068	2132772.75
2021/09/09	6.27	6.32	6.26	6.31	243200	1528141.00
2021/09/10	6.33	6.36	6.29	6.36	224000	1416070.00
2021/09/13	6.36	6.38	6.32	6.36	177401	1128738.38
2021/09/14	6.36	6.45	6.35	6.39	316500	2026972.00
2021/09/15	6.39	6.41	6.37	6.39	97500	622310.00
2021/09/16	6.40	6.40	6.21	6.33	351400	2207331.00
2021/09/17	6.28	6.29	6.13	6.19	314501	1949599.13
2021/09/22	6.12	6.27	6.10	6.27	242750	1494657.50
2021/09/23	6.27	6.33	6.21	6.29	295300	1860811.00
2021/09/24	6.31	6.32	6.24	6.29	110900	695409.00
2021/09/27	6.25	6.25	6.06	6.19	374100	2290462.00
2021/09/28	6.18	6.22	6.16	6.21	161700	1001956.00
2021/09/29	6.11	6.20	6.11	6.18	32801	202095.16
2021/09/30	6.20	6.30	6.15	6.30	116500	724605.00
2021/10/08	6.22	6.29	6.22	6.25	81400	507580.00
2021/10/11	6.27	6.27	6.22	6.25	29400	183209.00
2021/10/12	6.20	6.26	6.14	6.16	159000	983579.00
2021/10/13	6.16	6.20	6.04	6.16	255100	1561209.88
2021/10/14	6.16	6.18	6.15	6.17	66200	408171.00
2021/10/15	6.11	6.16	6.11	6.16	29300	179640.00
2021/10/18	6.20	6.21	6.15	6.19	107200	662058.00
2021/10/19	6.21	6.21	6.14	6.21	79100	488476.00
2021/10/20	6.15	6.16	6.08	6.15	141500	866461.00
2021/10/21	6.11	6.17	6.10	6.16	59400	364359.00
2021/10/22	6.10	6.20	6.10	6.17	77100	476301.00
2021/10/25	6.15	6.15	6.05	6.10	228800	1390456.00
2021/10/26	6.07	6.08	6.04	6.05	151000	914648.00
2021/10/27	6.05	6.08	5.97	5.99	174200	1049570.00
2021/10/28	5.99	5.99	5.82	5.82	169800	998833.00
2021/10/29	5.87	5.94	5.87	5.93	56300	333077.00
2021/11/01	5.85	5.95	5.81	5.93	69700	412467.00
2021/11/02	5.85	5.98	5.85	5.88	64400	378813.00
2021/11/03	5.95	5.95	5.90	5.95	16200	96035.00
2021/11/04	5.84	6.00	5.84	5.95	108600	647581.13
2021/11/05	5.92	5.97	5.92	5.93	64800	385410.00
2021/11/08	5.89	5.95	5.81	5.94	61739	365018.66
2021/11/09	5.88	6.00	5.88	5.96	31700	189261.00
2021/11/10	5.94	6.01	5.93	6.01	40600	242072.00
2021/11/11	6.05	6.14	6.03	6.10	200790	1227556.25
2021/11/12	6.03	6.12	6.01	6.06	104700	633475.13
2021/11/15	6.01	6.05	6.00	6.04	32800	197159.00
2021/11/16	6.08	6.10	6.01	6.05	153820	932952.19
2021/11/17	6.00	6.12	6.00	6.07	36500	221538.00
2021/11/18	6.01	6.04	5.97	5.98	90700	544078.00
2021/11/19	5.98	6.06	5.98	6.06	35980	216539.00
2021/11/22	5.99	6.06	5.99	6.05	42800	258905.00
2021/11/23	6.04	6.10	5.96	5.96	173900	1043476.00
2021/11/24	6.04	6.04	5.96	5.98	149083	889846.69
2021/11/25	6.02	6.02	5.97	5.97	54800	328174.91
2021/11/26	6.01	6.01	5.93	5.94	51300	305425.00
2021/11/29	5.92	6.00	5.92	5.95	154700	923899.00
2021/11/30	6.00	6.00	5.95	5.99	52600	314557.00
2021/12/01	5.97	6.00	5.94	5.97	94000	562024.00
2021/12/02	5.98	6.02	5.98	6.00	49900	299576.00
2021/12/03	6.00	6.03	5.97	6.01	40200	241060.00
2021/12/06	6.00	6.00	5.95	5.95	40300	240197.00
2021/12/07	5.96	6.01	5.96	5.97	49100	293855.00
2021/12/08	5.97	6.00	5.96	6.00	78400	469704.00
2021/12/09	6.00	6.07	6.00	6.04	124300	750105.00
2021/12/10	6.06	6.06	6.01	6.03	31900	192557.00
2021/12/13	6.07	6.07	6.02	6.04	39400	238399.00
2021/12/14	6.10	6.10	6.02	6.07	78300	473888.00
2021/12/15	6.07	6.12	5.96	6.01	102600	620916.00
2021/12/16	5.98	6.10	5.98	6.05	83210	504484.19
2021/12/17	6.07	6.07	6.04	6.04	300	1818.00
2021/12/20	6.05	6.10	6.03	6.04	123800	750197.00
2021/12/21	6.05	6.14	6.05	6.12	353890	2166642.75
2021/12/22	6.11	6.14	6.07	6.12	143200	874839.00
2021/12/23	6.06	6.13	6.06	6.10	49900	304304.00
2021/12/24	6.08	6.15	6.08	6.10	89920	550813.00
2021/12/27	6.13	6.13	6.10	6.13	46500	284304.00
2021/12/28	6.07	6.13	6.07	6.12	48000	292828.00
2021/12/29	6.10	6.15	6.09	6.13	72900	445869.00
2021/12/30	6.13	6.13	6.10	6.11	70500	431556.00
2021/12/31	6.10	6.15	6.10	6.11	117660	718872.00
2022/01/04	6.11	6.13	6.10	6.12	65500	400680.00
2022/01/05	6.11	6.13	6.10	6.11	68600	419160.00
2022/01/06	6.11	6.15	6.11	6.14	51900	318611.00
2022/01/07	6.10	6.22	6.10	6.18	321100	1984676.00
2022/01/10	6.26	6.26	6.15	6.15	126840	783805.00
2022/01/11	6.15	6.23	6.15	6.19	141200	873650.00
2022/01/12	6.18	6.21	6.14	6.21	29500	181708.00
2022/01/13	6.16	6.22	6.16	6.19	98279	610829.38
2022/01/14	6.17	6.20	6.10	6.12	128100	787235.00
2022/01/17	6.18	6.19	6.15	6.19	82130	507899.41
2022/01/18	6.20	6.20	6.14	6.18	57090	351797.59
2022/01/19	6.15	6.21	6.15	6.19	36500	226251.00
2022/01/20	6.17	6.22	6.14	6.19	63668	392841.53
2022/01/21	6.15	6.20	6.10	6.19	28700	177315.00
2022/01/24	6.00	6.18	6.00	6.15	45500	278476.00
2022/01/25	6.17	6.17	6.03	6.04	235200	1432793.00
2022/01/26	6.04	6.15	6.04	6.13	75800	464998.00
2022/01/27	6.11	6.12	6.05	6.06	50700	308134.00
2022/01/28	6.06	6.13	6.05	6.12	64600	392137.00
2022/02/07	6.10	6.15	6.09	6.14	79100	483500.00
2022/02/08	6.17	6.17	6.10	6.15	82200	502710.00
2022/02/09	6.13	6.19	6.13	6.19	60400	372372.00
2022/02/10	6.17	6.21	6.17	6.17	83600	516593.19
2022/02/11	6.22	6.22	6.15	6.19	140800	871629.00
2022/02/14	6.19	6.19	6.14	6.17	54600	336286.00
2022/02/15	6.12	6.17	6.10	6.17	102710	628426.00
2022/02/16	6.11	6.17	6.02	6.16	50300	308406.00
2022/02/17	6.11	6.18	6.11	6.12	42500	260939.00
2022/02/18	6.17	6.17	6.13	6.17	20800	128155.00
2022/02/21	6.17	6.17	6.14	6.16	31200	191945.00
2022/02/22	6.17	6.17	6.10	6.11	89500	547968.00
2022/02/23	6.16	6.19	6.11	6.18	73600	452483.00
2022/02/24	6.18	6.18	6.11	6.16	74500	457902.00
2022/02/25	6.18	6.19	6.13	6.15	11900	73360.00
2022/02/28	6.11	6.11	6.06	6.11	78300	476091.00
2022/03/01	6.16	6.16	6.10	6.13	9830	60184.00
2022/03/02	6.14	6.14	6.06	6.10	69270	421339.19
2022/03/03	6.10	6.14	6.10	6.14	34700	212320.00
2022/03/04	6.14	6.15	6.06	6.14	60150	366486.00
2022/03/07	6.13	6.14	6.06	6.14	55650	339513.00
2022/03/08	6.08	6.08	6.00	6.08	74100	446575.00
2022/03/09	6.07	6.10	5.90	6.00	158600	945172.00
2022/03/10	6.02	6.06	6.01	6.05	89480	540409.81
2022/03/11	5.95	6.04	5.86	6.04	33000	197901.00
2022/03/14	5.89	6.03	5.89	5.96	71720	426159.59
2022/03/15	5.98	5.98	5.74	5.74	235200	1374896.00
2022/03/16	5.74	5.92	5.74	5.87	77151	449817.34
2022/03/17	5.95	6.08	5.95	6.02	238700	1442138.00
2022/03/18	6.03	6.07	5.99	6.06	57750	348271.50
2022/03/21	6.10	6.10	5.98	6.05	52300	314096.00
2022/03/22	6.05	6.09	6.02	6.08	92500	562067.00
2022/03/23	6.04	6.12	6.04	6.10	61900	376420.00
2022/03/24	6.04	6.10	6.04	6.09	67500	409600.00
2022/03/25	6.07	6.12	6.07	6.10	124560	759424.19
2022/03/28	6.10	6.13	6.03	6.13	94500	576222.00
2022/03/29	6.11	6.12	6.06	6.10	48900	297766.00
2022/03/30	6.29	6.36	6.22	6.35	1095141	6924845.00
2022/03/31	6.33	6.50	6.31	6.39	1248624	7998323.50
2022/04/01	6.38	6.83	6.38	6.79	1712588	11433685.00
2022/04/06	6.88	7.10	6.75	6.99	1478442	10303345.00
2022/04/07	6.90	6.90	6.63	6.63	1312800	8859854.00
2022/04/08	6.58	6.89	6.58	6.83	650300	4401501.00
2022/04/11	6.69	6.88	6.63	6.69	487440	3253392.50
2022/04/12	6.73	6.81	6.69	6.77	212300	1436466.00
2022/04/13	6.78	6.78	6.68	6.75	247600	1664227.50
2022/04/14	6.79	6.82	6.71	6.77	153600	1040301.00
2022/04/15	6.72	6.84	6.71	6.73	206050	1393744.50
2022/04/18	6.73	6.76	6.53	6.72	504670	3351654.75
2022/04/19	6.68	6.72	6.60	6.70	243800	1626211.00
2022/04/20	6.65	6.65	6.54	6.56	275500	1813393.00
2022/04/21	6.53	6.60	6.51	6.51	172550	1129083.63
2022/04/22	6.53	6.59	6.53	6.56	116700	767422.00
2022/04/25	6.50	6.50	6.30	6.31	430300	2750771.00
2022/04/26	6.45	6.46	6.31	6.43	221291	1415262.75
2022/04/27	6.40	6.63	6.40	6.62	262568	1714383.50
2022/04/28	6.63	6.80	6.63	6.78	491900	3317694.00
2022/04/29	6.80	6.86	6.68	6.85	344581	2333443.50
2022/05/05	6.88	6.88	6.71	6.73	292896	1982390.88
2022/05/06	6.66	6.70	6.60	6.62	218300	1449682.00
2022/05/09	6.62	6.73	6.62	6.67	76300	509230.00
2022/05/10	6.63	6.66	6.60	6.66	59500	395013.00
2022/05/11	6.66	6.70	6.64	6.66	81801	545975.63
2022/05/12	6.63	6.69	6.61	6.69	55850	370756.50
2022/05/13	6.68	7.06	6.67	6.92	567066	3898088.25
2022/05/16	6.99	6.99	6.80	6.93	340700	2347855.00
2022/05/17	6.83	6.94	6.81	6.87	154320	1059800.75
2022/05/18	6.87	6.88	6.80	6.87	120470	822747.50
2022/05/19	6.85	6.88	6.76	6.88	76696	524973.63
2022/05/20	6.90	6.94	6.88	6.93	212000	1465497.00
2022/05/23	6.93	6.93	6.86	6.90	98300	677079.00
2022/05/24	6.86	6.87	6.73	6.80	175610	1194158.50
2022/05/25	6.85	6.85	6.77	6.82	130570	888008.00
2022/05/26	6.83	6.86	6.77	6.80	87300	594151.00
2022/05/27	6.80	6.88	6.79	6.86	276300	1889821.00
2022/05/30	6.84	6.87	6.83	6.86	105800	725238.00
2022/05/31	6.86	6.95	6.83	6.93	325000	2240242.00
2022/06/01	6.89	6.97	6.88	6.95	187190	1295699.75
2022/06/02	6.96	6.96	6.90	6.91	195400	1351405.00
2022/06/06	6.95	6.96	6.91	6.96	236200	1638708.00
2022/06/07	6.93	6.96	6.92	6.95	73000	506601.00
2022/06/08	6.94	6.94	6.85	6.89	257958	1774609.88
2022/06/09	6.87	6.90	6.82	6.85	145000	991671.00
2022/06/10	6.84	6.87	6.81	6.84	181500	1238325.00
2022/06/13	6.82	6.83	6.72	6.77	199100	1350240.00
2022/06/14	6.77	6.85	6.71	6.83	252360	1712826.00
2022/06/15	6.87	6.96	6.85	6.85	397700	2747861.00
2022/06/16	6.88	6.95	6.86	6.91	182900	1261782.00
2022/06/17	6.84	6.90	6.82	6.87	172100	1179045.00
2022/06/20	6.85	6.92	6.83	6.91	137100	944889.00
2022/06/21	6.92	6.97	6.87	6.93	386100	2676502.00
2022/06/22	6.93	6.95	6.85	6.88	432200	2983142.00
2022/06/23	6.91	6.98	6.85	6.97	394272	2738401.00
2022/06/24	6.97	7.01	6.93	7.01	325300	2271284.00
2022/06/27	7.01	7.06	6.97	7.03	263157	1847185.63
2022/06/28	7.00	7.04	6.98	7.04	224700	1573966.00
2022/06/29	6.99	7.09	6.99	7.07	530122	3738664.75
2022/06/30	7.10	7.10	7.02	7.06	636900	4487492.00
2022/07/01	7.03	7.08	7.02	7.06	164724	1163995.25
2022/07/04	7.09	7.12	7.06	7.11	297000	2107469.00
2022/07/05	7.10	7.15	7.07	7.10	216900	1537308.00
2022/07/06	7.11	7.11	6.98	7.00	373220	2624787.25
2022/07/07	7.05	7.06	6.96	7.05	514110	3598953.50
2022/07/08	7.08	7.08	7.03	7.05	380510	2683462.25
2022/07/11	6.37	6.38	6.20	6.25	242801	1516080.50
2022/07/12	6.25	6.30	6.25	6.26	186600	1169452.00
2022/07/13	6.30	6.30	6.25	6.28	190910	1196372.63
2022/07/14	6.18	6.18	5.84	6.01	1136593	6832752.00
2022/07/15	6.00	6.00	5.84	5.95	790790	4669296.00
2022/07/18	5.93	6.02	5.93	5.99	199300	1192942.00
2022/07/19	5.99	6.03	5.91	5.99	96860	579814.19
2022/07/20	6.02	6.03	5.97	6.00	183200	1095962.00
2022/07/21	5.95	6.00	5.94	6.00	109500	652206.00
2022/07/22	5.99	5.99	5.93	5.96	181600	1081164.00
2022/07/25	5.93	6.00	5.93	5.98	160700	959052.00
2022/07/26	5.98	6.01	5.94	6.01	189100	1133549.00
2022/07/27	5.98	6.01	5.98	6.00	67360	403789.81
2022/07/28	6.00	6.02	5.98	6.01	126461	760105.00
2022/07/29	6.01	6.01	5.97	5.99	163600	979395.00
2022/08/01	5.99	5.99	5.83	5.90	711300	4183565.00
2022/08/02	5.88	5.88	5.65	5.77	361800	2081724.63
2022/08/03	5.83	5.90	5.72	5.77	179500	1035616.00
2022/08/04	5.73	5.80	5.73	5.80	86200	497644.00
2022/08/05	5.82	5.82	5.77	5.81	42500	246231.30
2022/08/08	5.83	5.85	5.80	5.82	69651	405364.59
2022/08/09	5.78	5.83	5.78	5.82	70900	412482.00
2022/08/10	5.87	5.87	5.76	5.82	245519	1427387.63
2022/08/11	5.85	5.88	5.83	5.87	137900	807960.00
2022/08/12	5.88	5.92	5.85	5.87	133000	783479.00
2022/08/15	5.86	5.94	5.80	5.86	85700	501622.00
2022/08/16	5.85	5.92	5.85	5.87	119500	703250.00
2022/08/17	5.85	5.90	5.84	5.87	146200	858561.00
2022/08/18	5.88	5.93	5.86	5.90	251000	1480475.00
2022/08/19	5.90	5.98	5.90	5.95	492271	2926256.25
2022/08/22	5.92	5.97	5.86	5.92	215520	1272870.25
2022/08/23	5.92	5.93	5.88	5.93	83700	495093.00
2022/08/24	5.93	5.93	5.81	5.88	202200	1180565.00
2022/08/25	5.87	5.87	5.78	5.86	46700	271947.00
2022/08/26	5.81	5.88	5.81	5.87	54400	317358.00
2022/08/29	5.80	5.86	5.80	5.86	38300	223044.00
2022/08/30	5.85	5.86	5.81	5.86	55700	325182.00
2022/08/31	5.89	5.89	5.81	5.86	57100	334776.00
2022/09/01	5.88	5.89	5.83	5.88	95300	558358.00
2022/09/02	5.88	5.88	5.82	5.87	44200	258544.09
2022/09/05	5.84	5.88	5.81	5.84	104000	606505.00
2022/09/06	5.84	5.89	5.82	5.88	85000	498465.00
2022/09/07	5.87	5.88	5.83	5.87	26200	152990.00
2022/09/08	5.82	5.87	5.82	5.87	82840	482955.81
2022/09/09	5.83	5.88	5.83	5.87	52180	306096.59
2022/09/13	5.83	5.83	5.80	5.82	196800	1144356.00
2022/09/14	5.78	5.82	5.77	5.80	148500	859459.00
2022/09/15	5.80	5.85	5.78	5.83	182520	1059979.63
2022/09/16	5.80	5.82	5.74	5.79	84300	487126.00
2022/09/19	5.77	5.78	5.68	5.70	88900	508656.00
2022/09/20	5.73	5.83	5.72	5.73	47900	276286.41
2022/09/21	5.70	5.73	5.65	5.71	74000	420162.00
2022/09/22	5.66	5.71	5.66	5.71	33479	189891.14
2022/09/23	5.69	5.70	5.63	5.67	62200	351186.00
2022/09/26	5.66	5.66	5.55	5.56	130940	732152.38
2022/09/27	5.50	5.61	5.50	5.61	34800	193938.00
2022/09/28	5.56	5.68	5.52	5.55	53300	296708.00
2022/09/29	5.52	5.59	5.52	5.57	13800	76395.00
2022/09/30	5.58	5.58	5.56	5.58	53709	299389.22
2022/10/10	5.66	5.66	5.51	5.52	45400	252352.00
2022/10/11	5.53	5.59	5.50	5.52	43109	237805.50
2022/10/12	5.56	5.56	5.47	5.56	73700	406493.00
2022/10/13	5.48	5.60	5.44	5.56	17100	95188.00
2022/10/14	5.64	5.64	5.53	5.62	33400	186654.00
2022/10/17	5.54	5.62	5.54	5.62	11700	65459.00
2022/10/18	5.64	5.64	5.58	5.63	59500	333768.00
2022/10/19	5.67	5.67	5.58	5.60	28500	160418.00
2022/10/20	5.54	5.59	5.50	5.55	16300	90249.00
2022/10/21	5.57	5.57	5.52	5.54	14100	77922.00
2022/10/24	5.50	5.51	5.44	5.48	107400	588876.00
2022/10/25	5.48	5.50	5.40	5.45	63400	344231.00
2022/10/26	5.45	5.45	5.39	5.44	133200	721548.00
2022/10/27	5.40	5.49	5.40	5.42	207700	1125392.00
2022/10/28	5.38	5.41	5.30	5.30	108000	579981.00
2022/10/31	5.30	5.37	5.23	5.34	168100	893709.00
2022/11/01	5.39	5.45	5.36	5.42	48400	262136.00
2022/11/02	5.42	5.42	5.39	5.39	74000	399579.00
2022/11/03	5.33	5.36	5.30	5.36	38850	206804.50
2022/11/04	5.37	5.42	5.35	5.41	63700	343166.00
2022/11/07	5.41	5.46	5.40	5.43	70150	381423.00
2022/11/08	5.41	5.47	5.40	5.46	31700	172218.00
2022/11/09	5.50	5.51	5.45	5.50	64800	355314.00
2022/11/10	5.41	5.49	5.41	5.48	31500	171854.00
2022/11/11	5.56	5.59	5.50	5.55	170300	946552.00
2022/11/14	5.64	5.69	5.57	5.57	124700	699154.00
2022/11/15	5.53	5.65	5.53	5.64	62400	350827.00
2022/11/16	5.62	5.67	5.62	5.66	51800	292631.00
2022/11/17	5.65	5.70	5.62	5.67	70400	397760.00
2022/11/18	5.66	5.70	5.64	5.68	34100	193421.00
2022/11/21	5.64	5.66	5.56	5.64	19600	109878.00
2022/11/22	5.65	5.67	5.61	5.63	35000	197535.00
2022/11/23	5.60	5.66	5.58	5.62	25400	142340.00
2022/11/24	5.65	5.69	5.61	5.63	63200	357924.00
2022/11/25	5.61	5.68	5.61	5.68	60400	341541.00
2022/11/28	5.63	5.64	5.58	5.62	32900	184742.00
2022/11/29	5.80	5.84	5.67	5.81	790250	4576727.00
2022/11/30	5.70	5.89	5.69	5.74	313160	1813119.00
2022/12/01	5.80	5.89	5.77	5.88	325873	1900538.13
2022/12/02	5.82	5.88	5.75	5.86	173700	1009768.00
2022/12/05	5.85	5.95	5.85	5.91	311681	1843964.75
2022/12/06	5.90	5.94	5.86	5.92	182200	1075301.00
2022/12/07	5.93	5.93	5.83	5.83	84400	494082.00
2022/12/08	5.79	5.92	5.79	5.85	68800	400638.00
2022/12/09	5.88	6.13	5.88	6.11	1216678	7407143.50
2022/12/12	6.13	6.13	5.99	5.99	415600	2511014.00
2022/12/13	5.94	6.10	5.93	6.05	250800	1521054.00
2022/12/14	5.99	5.99	5.88	5.92	362900	2149510.00
2022/12/15	5.95	5.95	5.86	5.91	71000	419075.00
2022/12/16	5.96	6.00	5.91	5.98	262500	1564169.38
2022/12/19	6.01	6.04	5.96	5.99	197400	1182741.00
2022/12/20	5.88	5.95	5.76	5.89	336100	1968475.00
2022/12/21	5.85	5.88	5.81	5.86	31200	182241.00
2022/12/22	5.76	5.97	5.76	5.91	128300	759372.00
2022/12/23	5.86	5.95	5.86	5.94	143000	842126.00
2022/12/26	5.85	5.93	5.84	5.89	78220	457638.00
2022/12/27	5.86	5.95	5.86	5.92	97720	579384.63
2022/12/28	5.92	5.95	5.85	5.92	59200	350300.00
2022/12/29	5.85	5.87	5.84	5.86	41900	245091.00
2022/12/30	5.86	5.88	5.85	5.88	63700	373528.00
2023/01/03	5.84	5.92	5.83	5.90	139072	817082.75
2023/01/04	5.86	6.00	5.86	5.97	256207	1527937.50
2023/01/05	5.97	6.00	5.94	5.99	244558	1460450.88
2023/01/06	5.98	5.98	5.92	5.97	146700	870207.00
2023/01/09	5.98	5.99	5.92	5.96	126000	750549.00
2023/01/10	5.95	5.95	5.89	5.93	76150	450480.50
2023/01/11	5.95	5.98	5.92	5.92	54300	322884.00
2023/01/12	5.87	5.89	5.83	5.85	80620	471860.59
2023/01/13	5.85	5.87	5.84	5.87	31710	185589.41
2023/01/16	5.86	5.92	5.84	5.92	121800	718282.00
2023/01/17	5.95	5.96	5.89	5.94	77500	460805.00
2023/01/18	5.94	5.96	5.90	5.94	58400	346813.00
2023/01/19	5.96	5.97	5.94	5.97	149620	891318.19
2023/01/20	5.94	5.99	5.94	5.99	136450	815153.00
2023/01/30	5.98	6.02	5.93	6.00	320200	1921293.00
2023/01/31	5.98	6.00	5.95	5.98	60800	362759.00
2023/02/01	5.98	5.99	5.92	5.99	142273	848204.75
2023/02/02	5.96	5.99	5.96	5.99	45330	270558.81
2023/02/03	5.97	5.99	5.96	5.99	22900	136923.00
2023/02/06	5.94	6.00	5.93	5.99	45800	273707.00
2023/02/07	6.00	6.00	5.97	6.00	27800	166403.00
2023/02/08	6.00	6.00	5.96	5.99	59300	354459.00
2023/02/09	5.95	5.99	5.95	5.99	63330	378635.81
2023/02/10	6.00	6.02	5.99	6.00	119850	719394.50
2023/02/13	6.00	6.02	5.97	6.02	64470	386761.31
2023/02/14	5.98	6.02	5.98	6.01	39561	237568.78
2023/02/15	6.02	6.02	5.96	5.96	166270	993674.19
2023/02/16	5.96	5.99	5.93	5.93	132700	789257.00
2023/02/17	5.95	5.98	5.94	5.96	72300	431061.00
2023/02/20	5.92	5.99	5.92	5.98	59972	357355.25
2023/02/21	5.98	6.01	5.98	6.00	135472	813017.56
2023/02/22	5.96	6.00	5.93	5.99	50400	300703.00
2023/02/23	5.97	5.99	5.95	5.96	73100	436189.00
2023/02/24	5.96	5.99	5.93	5.99	61000	362640.00
2023/02/27	5.98	5.99	5.93	5.95	53300	317665.00
2023/02/28	5.93	5.99	5.93	5.99	72800	434030.00
2023/03/01	5.96	6.00	5.96	6.00	97640	584889.19
2023/03/02	6.00	6.00	5.98	6.00	43800	262613.00
2023/03/03	6.00	6.00	5.97	5.99	42000	251215.00
2023/03/06	5.99	5.99	5.97	5.99	31900	190757.00
2023/03/07	5.96	5.98	5.93	5.94	85900	511050.00
2023/03/08	5.93	5.97	5.92	5.93	146000	866266.00
2023/03/09	5.92	5.95	5.91	5.93	34600	204908.00
2023/03/10	5.91	5.91	5.84	5.87	106800	628202.00
2023/03/13	5.85	5.85	5.83	5.84	40717	237870.11
2023/03/14	5.84	5.87	5.79	5.84	75400	438835.00
2023/03/15	5.89	5.93	5.84	5.90	49100	289102.00
2023/03/16	5.75	5.86	5.75	5.86	85110	494685.00
2023/03/17	5.86	5.90	5.77	5.83	42420	248749.41
2023/03/20	5.82	5.84	5.76	5.82	105900	614450.00
2023/03/21	5.87	5.87	5.80	5.83	29600	172180.00
2023/03/22	5.85	5.89	5.84	5.89	35590	208404.50
2023/03/23	5.85	5.90	5.85	5.88	37300	219277.00
2023/03/24	5.88	5.90	5.85	5.86	40600	238550.00
2023/03/27	5.72	5.80	5.70	5.80	99200	570083.00
2023/03/28	5.78	5.78	5.75	5.76	17000	98007.00
2023/03/29	5.78	5.78	5.70	5.78	54300	310366.00
2023/03/30	5.78	5.85	5.74	5.85	33270	192672.80
2023/03/31	5.83	5.86	5.76	5.85	32702	190805.86
2023/04/03	5.75	5.83	5.75	5.82	61410	355103.41
2023/04/04	5.82	5.82	5.75	5.76	94900	547311.00
2023/04/06	5.76	5.77	5.75	5.75	61900	356361.00
2023/04/07	5.83	5.84	5.80	5.84	71800	418189.09
2023/04/10	5.84	5.84	5.80	5.84	37700	219876.00
2023/04/11	5.84	5.84	5.80	5.83	17000	98915.00
2023/04/12	5.85	5.88	5.83	5.85	57200	334484.00
2023/04/13	5.80	5.81	5.78	5.79	98100	567623.00
2023/04/14	5.76	5.80	5.76	5.76	62200	358718.00
2023/04/17	5.79	5.79	5.71	5.75	144450	828585.00
2023/04/18	5.72	5.72	5.62	5.70	77380	439546.81
2023/04/19	5.67	5.70	5.65	5.69	26201	148545.66
2023/04/20	5.66	5.67	5.58	5.61	119651	671563.69
2023/04/21	5.58	5.68	5.58	5.63	40800	229692.00
2023/04/24	5.74	5.74	5.62	5.63	30600	172379.00
2023/04/25	5.63	5.67	5.59	5.62	75350	422134.50
2023/04/26	5.65	5.70	5.61	5.69	26400	149889.50
2023/04/27	5.68	5.68	5.62	5.68	57000	322735.00
2023/04/28	5.40	5.47	5.25	5.32	803705	4311298.00
2023/05/04	5.26	5.32	5.10	5.13	313100	1616476.00
2023/05/05	5.12	5.21	5.12	5.20	220700	1142321.00
2023/05/08	5.20	5.20	5.09	5.14	60810	312354.59
2023/05/09	5.15	5.20	5.09	5.16	88000	450788.00
2023/05/12	5.20	5.20	5.10	5.12	40270	206109.00
数据来源:通达信
